mobile_number|pin
test|test
639000000001|100000
639000000002|100001
639000000003|100002
639000000004|100003
639000000005|100004
639000000006|100005
639000000007|100006
639000000008|100007
639000000009|100008
639000000010|100009
639000000011|100010
639000000012|100011
639000000013|100012
639000000014|100013
639000000015|100014
639000000016|100015
639000000017|100016
639000000018|100017
639000000019|100018
639000000020|100019
639000000021|100020
639000000022|100021
639000000023|100022
639000000024|100023
639000000025|100024
